0.000000	1.000000	20.000000 
0.001000	1.000287	20.000287 
0.002000	1.000574	20.000574 
0.003000	1.000861	20.000861 
0.004000	1.001148	20.001148 
0.005000	1.001434	20.001434 
0.006000	1.001720	20.001720 
0.007000	1.002007	20.002007 
0.008000	1.002292	20.002292 
0.009000	1.002578	20.002578 
0.010000	1.002863	20.002863 
0.011000	1.003149	20.003149 
0.012000	1.003434	20.003434 
0.013000	1.003718	20.003718 
0.014000	1.004003	20.004003 
0.015000	1.004287	20.004287 
0.016000	1.004572	20.004572 
0.017000	1.004856	20.004856 
0.018000	1.005139	20.005139 
0.019000	1.005423	20.005423 
0.020000	1.005706	20.005706 
0.021000	1.005990	20.005990 
0.022000	1.006273	20.006273 
0.023000	1.006555	20.006555 
0.024000	1.006838	20.006838 
0.025000	1.007120	20.007120 
0.026000	1.007402	20.007402 
0.027000	1.007684	20.007684 
0.028000	1.007966	20.007966 
0.029000	1.008248	20.008248 
0.030000	1.008529	20.008529 
0.031000	1.008810	20.008810 
0.032000	1.009091	20.009091 
0.033000	1.009372	20.009372 
0.034000	1.009652	20.009652 
0.035000	1.009933	20.009933 
0.036000	1.010213	20.010213 
0.037000	1.010493	20.010493 
0.038000	1.010773	20.010773 
0.039000	1.011052	20.011052 
0.040000	1.011331	20.011331 
0.041000	1.011610	20.011610 
0.042000	1.011889	20.011889 
0.043000	1.012168	20.012168 
0.044000	1.012447	20.012447 
0.045000	1.012725	20.012725 
0.046000	1.013003	20.013003 
0.047000	1.013281	20.013281 
0.048000	1.013558	20.013558 
0.049000	1.013836	20.013836 
0.050000	1.014113	20.014113 
0.051000	1.014390	20.014390 
0.052000	1.014667	20.014667 
0.053000	1.014944	20.014944 
0.054000	1.015220	20.015220 
0.055000	1.015496	20.015496 
0.056000	1.015772	20.015772 
0.057000	1.016048	20.016048 
0.058000	1.016324	20.016324 
0.059000	1.016599	20.016599 
0.060000	1.016875	20.016875 
0.061000	1.017150	20.017150 
0.062000	1.017424	20.017424 
0.063000	1.017699	20.017699 
0.064000	1.017973	20.017973 
0.065000	1.018248	20.018248 
0.066000	1.018522	20.018522 
0.067000	1.018795	20.018795 
0.068000	1.019069	20.019069 
0.069000	1.019342	20.019342 
0.070000	1.019616	20.019616 
0.071000	1.019889	20.019889 
0.072000	1.020161	20.020161 
0.073000	1.020434	20.020434 
0.074000	1.020706	20.020706 
0.075000	1.020978	20.020978 
0.076000	1.021250	20.021250 
0.077000	1.021522	20.021522 
0.078000	1.021794	20.021794 
0.079000	1.022065	20.022065 
0.080000	1.022336	20.022336 
0.081000	1.022607	20.022607 
0.082000	1.022878	20.022878 
0.083000	1.023148	20.023148 
0.084000	1.023419	20.023419 
0.085000	1.023689	20.023689 
0.086000	1.023959	20.023959 
0.087000	1.024228	20.024228 
0.088000	1.024498	20.024498 
0.089000	1.024767	20.024767 
0.090000	1.025036	20.025036 
0.091000	1.025305	20.025305 
0.092000	1.025574	20.025574 
0.093000	1.025842	20.025842 
0.094000	1.026111	20.026111 
0.095000	1.026379	20.026379 
0.096000	1.026647	20.026647 
0.097000	1.026914	20.026914 
0.098000	1.027182	20.027182 
0.099000	1.027449	20.027449 
0.100000	1.027716	20.027716 
0.101000	1.027983	20.027983 
0.102000	1.028250	20.028250 
0.103000	1.028516	20.028516 
0.104000	1.028782	20.028782 
0.105000	1.029048	20.029048 
0.106000	1.029314	20.029314 
0.107000	1.029580	20.029580 
0.108000	1.029845	20.029845 
0.109000	1.030111	20.030111 
0.110000	1.030376	20.030376 
0.111000	1.030640	20.030640 
0.112000	1.030905	20.030905 
0.113000	1.031169	20.031169 
0.114000	1.031434	20.031434 
0.115000	1.031698	20.031698 
0.116000	1.031961	20.031961 
0.117000	1.032225	20.032225 
0.118000	1.032488	20.032488 
0.119000	1.032752	20.032752 
0.120000	1.033015	20.033015 
0.121000	1.033277	20.033277 
0.122000	1.033540	20.033540 
0.123000	1.033802	20.033802 
0.124000	1.034064	20.034064 
0.125000	1.034326	20.034326 
0.126000	1.034588	20.034588 
0.127000	1.034850	20.034850 
0.128000	1.035111	20.035111 
0.129000	1.035372	20.035372 
0.130000	1.035633	20.035633 
0.131000	1.035894	20.035894 
0.132000	1.036155	20.036155 
0.133000	1.036415	20.036415 
0.134000	1.036675	20.036675 
0.135000	1.036935	20.036935 
0.136000	1.037195	20.037195 
0.137000	1.037454	20.037454 
0.138000	1.037714	20.037714 
0.139000	1.037973	20.037973 
0.140000	1.038232	20.038232 
0.141000	1.038490	20.038490 
0.142000	1.038749	20.038749 
0.143000	1.039007	20.039007 
0.144000	1.039265	20.039265 
0.145000	1.039523	20.039523 
0.146000	1.039781	20.039781 
0.147000	1.040038	20.040038 
0.148000	1.040296	20.040296 
0.149000	1.040553	20.040553 
0.150000	1.040810	20.040810 
0.151000	1.041066	20.041066 
0.152000	1.041323	20.041323 
0.153000	1.041579	20.041579 
0.154000	1.041835	20.041835 
0.155000	1.042091	20.042091 
0.156000	1.042347	20.042347 
0.157000	1.042602	20.042602 
0.158000	1.042857	20.042857 
0.159000	1.043112	20.043112 
0.160000	1.043367	20.043367 
0.161000	1.043622	20.043622 
0.162000	1.043876	20.043876 
0.163000	1.044131	20.044131 
0.164000	1.044385	20.044385 
0.165000	1.044639	20.044639 
0.166000	1.044892	20.044892 
0.167000	1.045146	20.045146 
0.168000	1.045399	20.045399 
0.169000	1.045652	20.045652 
0.170000	1.045905	20.045905 
0.171000	1.046157	20.046157 
0.172000	1.046410	20.046410 
0.173000	1.046662	20.046662 
0.174000	1.046914	20.046914 
0.175000	1.047166	20.047166 
0.176000	1.047418	20.047418 
0.177000	1.047669	20.047669 
0.178000	1.047920	20.047920 
0.179000	1.048171	20.048171 
0.180000	1.048422	20.048422 
0.181000	1.048673	20.048673 
0.182000	1.048923	20.048923 
0.183000	1.049173	20.049173 
0.184000	1.049423	20.049423 
0.185000	1.049673	20.049673 
0.186000	1.049923	20.049923 
0.187000	1.050172	20.050172 
0.188000	1.050421	20.050421 
0.189000	1.050670	20.050670 
0.190000	1.050919	20.050919 
0.191000	1.051168	20.051168 
0.192000	1.051416	20.051416 
0.193000	1.051664	20.051664 
0.194000	1.051912	20.051912 
0.195000	1.052160	20.052160 
0.196000	1.052408	20.052408 
0.197000	1.052655	20.052655 
0.198000	1.052902	20.052902 
0.199000	1.053149	20.053149 
0.200000	1.053396	20.053396 
0.201000	1.053643	20.053643 
0.202000	1.053889	20.053889 
0.203000	1.054135	20.054135 
0.204000	1.054381	20.054381 
0.205000	1.054627	20.054627 
0.206000	1.054873	20.054873 
0.207000	1.055118	20.055118 
0.208000	1.055363	20.055363 
0.209000	1.055608	20.055608 
0.210000	1.055853	20.055853 
0.211000	1.056098	20.056098 
0.212000	1.056342	20.056342 
0.213000	1.056586	20.056586 
0.214000	1.056830	20.056830 
0.215000	1.057074	20.057074 
0.216000	1.057317	20.057317 
0.217000	1.057561	20.057561 
0.218000	1.057804	20.057804 
0.219000	1.058047	20.058047 
0.220000	1.058290	20.058290 
0.221000	1.058532	20.058532 
0.222000	1.058775	20.058775 
0.223000	1.059017	20.059017 
0.224000	1.059259	20.059259 
0.225000	1.059501	20.059501 
0.226000	1.059742	20.059742 
0.227000	1.059984	20.059984 
0.228000	1.060225	20.060225 
0.229000	1.060466	20.060466 
0.230000	1.060707	20.060707 
0.231000	1.060947	20.060947 
0.232000	1.061188	20.061188 
0.233000	1.061428	20.061428 
0.234000	1.061668	20.061668 
0.235000	1.061907	20.061907 
0.236000	1.062147	20.062147 
0.237000	1.062386	20.062386 
0.238000	1.062626	20.062626 
0.239000	1.062865	20.062865 
0.240000	1.063103	20.063103 
0.241000	1.063342	20.063342 
0.242000	1.063580	20.063580 
0.243000	1.063819	20.063819 
0.244000	1.064057	20.064057 
0.245000	1.064294	20.064294 
0.246000	1.064532	20.064532 
0.247000	1.064769	20.064769 
0.248000	1.065006	20.065006 
0.249000	1.065243	20.065243 
0.250000	1.065480	20.065480 
0.251000	1.065717	20.065717 
0.252000	1.065953	20.065953 
0.253000	1.066189	20.066189 
0.254000	1.066425	20.066425 
0.255000	1.066661	20.066661 
0.256000	1.066897	20.066897 
0.257000	1.067132	20.067132 
0.258000	1.067367	20.067367 
0.259000	1.067603	20.067603 
0.260000	1.067837	20.067837 
0.261000	1.068072	20.068072 
0.262000	1.068306	20.068306 
0.263000	1.068541	20.068541 
0.264000	1.068775	20.068775 
0.265000	1.069008	20.069008 
0.266000	1.069242	20.069242 
0.267000	1.069475	20.069475 
0.268000	1.069709	20.069709 
0.269000	1.069942	20.069942 
0.270000	1.070175	20.070175 
0.271000	1.070407	20.070407 
0.272000	1.070640	20.070640 
0.273000	1.070872	20.070872 
0.274000	1.071104	20.071104 
0.275000	1.071336	20.071336 
0.276000	1.071567	20.071567 
0.277000	1.071799	20.071799 
0.278000	1.072030	20.072030 
0.279000	1.072261	20.072261 
0.280000	1.072492	20.072492 
0.281000	1.072723	20.072723 
0.282000	1.072953	20.072953 
0.283000	1.073183	20.073183 
0.284000	1.073414	20.073414 
0.285000	1.073643	20.073643 
0.286000	1.073873	20.073873 
0.287000	1.074103	20.074103 
0.288000	1.074332	20.074332 
0.289000	1.074561	20.074561 
0.290000	1.074790	20.074790 
0.291000	1.075019	20.075019 
0.292000	1.075247	20.075247 
0.293000	1.075475	20.075475 
0.294000	1.075704	20.075704 
0.295000	1.075931	20.075931 
0.296000	1.076159	20.076159 
0.297000	1.076387	20.076387 
0.298000	1.076614	20.076614 
0.299000	1.076841	20.076841 
0.300000	1.077068	20.077068 
0.301000	1.077295	20.077295 
0.302000	1.077521	20.077521 
0.303000	1.077748	20.077748 
0.304000	1.077974	20.077974 
0.305000	1.078200	20.078200 
0.306000	1.078426	20.078426 
0.307000	1.078651	20.078651 
0.308000	1.078877	20.078877 
0.309000	1.079102	20.079102 
0.310000	1.079327	20.079327 
0.311000	1.079552	20.079552 
0.312000	1.079776	20.079776 
0.313000	1.080000	20.080000 
0.314000	1.080225	20.080225 
0.315000	1.080449	20.080449 
0.316000	1.080673	20.080673 
0.317000	1.080896	20.080896 
0.318000	1.081120	20.081120 
0.319000	1.081343	20.081343 
0.320000	1.081566	20.081566 
0.321000	1.081789	20.081789 
0.322000	1.082011	20.082011 
0.323000	1.082234	20.082234 
0.324000	1.082456	20.082456 
0.325000	1.082678	20.082678 
0.326000	1.082900	20.082900 
0.327000	1.083122	20.083122 
0.328000	1.083343	20.083343 
0.329000	1.083564	20.083564 
0.330000	1.083786	20.083786 
0.331000	1.084006	20.084006 
0.332000	1.084227	20.084227 
0.333000	1.084448	20.084448 
0.334000	1.084668	20.084668 
0.335000	1.084888	20.084888 
0.336000	1.085108	20.085108 
0.337000	1.085328	20.085328 
0.338000	1.085547	20.085547 
0.339000	1.085767	20.085767 
0.340000	1.085986	20.085986 
0.341000	1.086205	20.086205 
0.342000	1.086424	20.086424 
0.343000	1.086642	20.086642 
0.344000	1.086861	20.086861 
0.345000	1.087079	20.087079 
0.346000	1.087297	20.087297 
0.347000	1.087515	20.087515 
0.348000	1.087732	20.087732 
0.349000	1.087950	20.087950 
0.350000	1.088167	20.088167 
0.351000	1.088384	20.088384 
0.352000	1.088601	20.088601 
0.353000	1.088818	20.088818 
0.354000	1.089034	20.089034 
0.355000	1.089250	20.089250 
0.356000	1.089467	20.089467 
0.357000	1.089682	20.089682 
0.358000	1.089898	20.089898 
0.359000	1.090114	20.090114 
0.360000	1.090329	20.090329 
0.361000	1.090544	20.090544 
0.362000	1.090759	20.090759 
0.363000	1.090974	20.090974 
0.364000	1.091188	20.091188 
0.365000	1.091403	20.091403 
0.366000	1.091617	20.091617 
0.367000	1.091831	20.091831 
0.368000	1.092045	20.092045 
0.369000	1.092258	20.092258 
0.370000	1.092472	20.092472 
0.371000	1.092685	20.092685 
0.372000	1.092898	20.092898 
0.373000	1.093111	20.093111 
0.374000	1.093324	20.093324 
0.375000	1.093536	20.093536 
0.376000	1.093748	20.093748 
0.377000	1.093960	20.093960 
0.378000	1.094172	20.094172 
0.379000	1.094384	20.094384 
0.380000	1.094596	20.094596 
0.381000	1.094807	20.094807 
0.382000	1.095018	20.095018 
0.383000	1.095229	20.095229 
0.384000	1.095440	20.095440 
0.385000	1.095650	20.095650 
0.386000	1.095861	20.095861 
0.387000	1.096071	20.096071 
0.388000	1.096281	20.096281 
0.389000	1.096491	20.096491 
0.390000	1.096700	20.096700 
0.391000	1.096910	20.096910 
0.392000	1.097119	20.097119 
0.393000	1.097328	20.097328 
0.394000	1.097537	20.097537 
0.395000	1.097746	20.097746 
0.396000	1.097954	20.097954 
0.397000	1.098162	20.098162 
0.398000	1.098370	20.098370 
0.399000	1.098578	20.098578 
0.400000	1.098786	20.098786 
0.401000	1.098994	20.098994 
0.402000	1.099201	20.099201 
0.403000	1.099408	20.099408 
0.404000	1.099615	20.099615 
0.405000	1.099822	20.099822 
0.406000	1.100029	20.100029 
0.407000	1.100235	20.100235 
0.408000	1.100441	20.100441 
0.409000	1.100647	20.100647 
0.410000	1.100853	20.100853 
0.411000	1.101059	20.101059 
0.412000	1.101264	20.101264 
0.413000	1.101470	20.101470 
0.414000	1.101675	20.101675 
0.415000	1.101880	20.101880 
0.416000	1.102085	20.102085 
0.417000	1.102289	20.102289 
0.418000	1.102493	20.102493 
0.419000	1.102698	20.102698 
0.420000	1.102902	20.102902 
0.421000	1.103105	20.103105 
0.422000	1.103309	20.103309 
0.423000	1.103512	20.103512 
0.424000	1.103716	20.103716 
0.425000	1.103919	20.103919 
0.426000	1.104122	20.104122 
0.427000	1.104324	20.104324 
0.428000	1.104527	20.104527 
0.429000	1.104729	20.104729 
0.430000	1.104931	20.104931 
0.431000	1.105133	20.105133 
0.432000	1.105335	20.105335 
0.433000	1.105537	20.105537 
0.434000	1.105738	20.105738 
0.435000	1.105939	20.105939 
0.436000	1.106140	20.106140 
0.437000	1.106341	20.106341 
0.438000	1.106542	20.106542 
0.439000	1.106742	20.106742 
0.440000	1.106943	20.106943 
0.441000	1.107143	20.107143 
0.442000	1.107343	20.107343 
0.443000	1.107542	20.107542 
0.444000	1.107742	20.107742 
0.445000	1.107941	20.107941 
0.446000	1.108140	20.108140 
0.447000	1.108339	20.108339 
0.448000	1.108538	20.108538 
0.449000	1.108737	20.108737 
0.450000	1.108935	20.108935 
0.451000	1.109134	20.109134 
0.452000	1.109332	20.109332 
0.453000	1.109530	20.109530 
0.454000	1.109727	20.109727 
0.455000	1.109925	20.109925 
0.456000	1.110122	20.110122 
0.457000	1.110319	20.110319 
0.458000	1.110516	20.110516 
0.459000	1.110713	20.110713 
0.460000	1.110910	20.110910 
0.461000	1.111106	20.111106 
0.462000	1.111302	20.111302 
0.463000	1.111498	20.111498 
0.464000	1.111694	20.111694 
0.465000	1.111890	20.111890 
0.466000	1.112086	20.112086 
0.467000	1.112281	20.112281 
0.468000	1.112476	20.112476 
0.469000	1.112671	20.112671 
0.470000	1.112866	20.112866 
0.471000	1.113060	20.113060 
0.472000	1.113255	20.113255 
0.473000	1.113449	20.113449 
0.474000	1.113643	20.113643 
0.475000	1.113837	20.113837 
0.476000	1.114031	20.114031 
0.477000	1.114224	20.114224 
0.478000	1.114418	20.114418 
0.479000	1.114611	20.114611 
0.480000	1.114804	20.114804 
0.481000	1.114997	20.114997 
0.482000	1.115189	20.115189 
0.483000	1.115382	20.115382 
0.484000	1.115574	20.115574 
0.485000	1.115766	20.115766 
0.486000	1.115958	20.115958 
0.487000	1.116150	20.116150 
0.488000	1.116341	20.116341 
0.489000	1.116532	20.116532 
0.490000	1.116724	20.116724 
0.491000	1.116915	20.116915 
0.492000	1.117105	20.117105 
0.493000	1.117296	20.117296 
0.494000	1.117487	20.117487 
0.495000	1.117677	20.117677 
0.496000	1.117867	20.117867 
0.497000	1.118057	20.118057 
0.498000	1.118247	20.118247 
0.499000	1.118436	20.118436 
0.500000	1.118626	20.118626 
0.501000	1.118815	20.118815 
0.502000	1.119004	20.119004 
0.503000	1.119193	20.119193 
0.504000	1.119381	20.119381 
0.505000	1.119570	20.119570 
0.506000	1.119758	20.119758 
0.507000	1.119946	20.119946 
0.508000	1.120134	20.120134 
0.509000	1.120322	20.120322 
0.510000	1.120509	20.120509 
0.511000	1.120697	20.120697 
0.512000	1.120884	20.120884 
0.513000	1.121071	20.121071 
0.514000	1.121258	20.121258 
0.515000	1.121445	20.121445 
0.516000	1.121631	20.121631 
0.517000	1.121818	20.121818 
0.518000	1.122004	20.122004 
0.519000	1.122190	20.122190 
0.520000	1.122376	20.122376 
0.521000	1.122561	20.122561 
0.522000	1.122747	20.122747 
0.523000	1.122932	20.122932 
0.524000	1.123117	20.123117 
0.525000	1.123302	20.123302 
0.526000	1.123487	20.123487 
0.527000	1.123672	20.123672 
0.528000	1.123856	20.123856 
0.529000	1.124040	20.124040 
0.530000	1.124224	20.124224 
0.531000	1.124408	20.124408 
0.532000	1.124592	20.124592 
0.533000	1.124775	20.124775 
0.534000	1.124959	20.124959 
0.535000	1.125142	20.125142 
0.536000	1.125325	20.125325 
0.537000	1.125508	20.125508 
0.538000	1.125690	20.125690 
0.539000	1.125873	20.125873 
0.540000	1.126055	20.126055 
0.541000	1.126237	20.126237 
0.542000	1.126419	20.126419 
0.543000	1.126601	20.126601 
0.544000	1.126783	20.126783 
0.545000	1.126964	20.126964 
0.546000	1.127145	20.127145 
0.547000	1.127326	20.127326 
0.548000	1.127507	20.127507 
0.549000	1.127688	20.127688 
0.550000	1.127869	20.127869 
0.551000	1.128049	20.128049 
0.552000	1.128229	20.128229 
0.553000	1.128409	20.128409 
0.554000	1.128589	20.128589 
0.555000	1.128769	20.128769 
0.556000	1.128948	20.128948 
0.557000	1.129128	20.129128 
0.558000	1.129307	20.129307 
0.559000	1.129486	20.129486 
0.560000	1.129665	20.129665 
0.561000	1.129843	20.129843 
0.562000	1.130022	20.130022 
0.563000	1.130200	20.130200 
0.564000	1.130378	20.130378 
0.565000	1.130556	20.130556 
0.566000	1.130734	20.130734 
0.567000	1.130912	20.130912 
0.568000	1.131089	20.131089 
0.569000	1.131266	20.131266 
0.570000	1.131443	20.131443 
0.571000	1.131620	20.131620 
0.572000	1.131797	20.131797 
0.573000	1.131974	20.131974 
0.574000	1.132150	20.132150 
0.575000	1.132326	20.132326 
0.576000	1.132502	20.132502 
0.577000	1.132678	20.132678 
0.578000	1.132854	20.132854 
0.579000	1.133030	20.133030 
0.580000	1.133205	20.133205 
0.581000	1.133380	20.133380 
0.582000	1.133555	20.133555 
0.583000	1.133730	20.133730 
0.584000	1.133905	20.133905 
0.585000	1.134079	20.134079 
0.586000	1.134254	20.134254 
0.587000	1.134428	20.134428 
0.588000	1.134602	20.134602 
0.589000	1.134776	20.134776 
0.590000	1.134949	20.134949 
0.591000	1.135123	20.135123 
0.592000	1.135296	20.135296 
0.593000	1.135470	20.135470 
0.594000	1.135643	20.135643 
0.595000	1.135815	20.135815 
0.596000	1.135988	20.135988 
0.597000	1.136161	20.136161 
0.598000	1.136333	20.136333 
0.599000	1.136505	20.136505 
0.600000	1.136677	20.136677 
0.601000	1.136849	20.136849 
0.602000	1.137021	20.137021 
0.603000	1.137192	20.137192 
0.604000	1.137363	20.137363 
0.605000	1.137534	20.137534 
0.606000	1.137705	20.137705 
0.607000	1.137876	20.137876 
0.608000	1.138047	20.138047 
0.609000	1.138217	20.138217 
0.610000	1.138388	20.138388 
0.611000	1.138558	20.138558 
0.612000	1.138728	20.138728 
0.613000	1.138898	20.138898 
0.614000	1.139067	20.139067 
0.615000	1.139237	20.139237 
0.616000	1.139406	20.139406 
0.617000	1.139575	20.139575 
0.618000	1.139744	20.139744 
0.619000	1.139913	20.139913 
0.620000	1.140082	20.140082 
0.621000	1.140250	20.140250 
0.622000	1.140418	20.140418 
0.623000	1.140587	20.140587 
0.624000	1.140755	20.140755 
0.625000	1.140922	20.140922 
0.626000	1.141090	20.141090 
0.627000	1.141257	20.141257 
0.628000	1.141425	20.141425 
0.629000	1.141592	20.141592 
0.630000	1.141759	20.141759 
0.631000	1.141926	20.141926 
0.632000	1.142092	20.142092 
0.633000	1.142259	20.142259 
0.634000	1.142425	20.142425 
0.635000	1.142591	20.142591 
0.636000	1.142757	20.142757 
0.637000	1.142923	20.142923 
0.638000	1.143089	20.143089 
0.639000	1.143254	20.143254 
0.640000	1.143420	20.143420 
0.641000	1.143585	20.143585 
0.642000	1.143750	20.143750 
0.643000	1.143915	20.143915 
0.644000	1.144079	20.144079 
0.645000	1.144244	20.144244 
0.646000	1.144408	20.144408 
0.647000	1.144572	20.144572 
0.648000	1.144736	20.144736 
0.649000	1.144900	20.144900 
0.650000	1.145064	20.145064 
0.651000	1.145227	20.145227 
0.652000	1.145391	20.145391 
0.653000	1.145554	20.145554 
0.654000	1.145717	20.145717 
0.655000	1.145880	20.145880 
0.656000	1.146043	20.146043 
0.657000	1.146205	20.146205 
0.658000	1.146368	20.146368 
0.659000	1.146530	20.146530 
0.660000	1.146692	20.146692 
0.661000	1.146854	20.146854 
0.662000	1.147016	20.147016 
0.663000	1.147177	20.147177 
0.664000	1.147339	20.147339 
0.665000	1.147500	20.147500 
0.666000	1.147661	20.147661 
0.667000	1.147822	20.147822 
0.668000	1.147983	20.147983 
0.669000	1.148143	20.148143 
0.670000	1.148304	20.148304 
0.671000	1.148464	20.148464 
0.672000	1.148624	20.148624 
0.673000	1.148784	20.148784 
0.674000	1.148944	20.148944 
0.675000	1.149103	20.149103 
0.676000	1.149263	20.149263 
0.677000	1.149422	20.149422 
0.678000	1.149581	20.149581 
0.679000	1.149740	20.149740 
0.680000	1.149899	20.149899 
0.681000	1.150058	20.150058 
0.682000	1.150217	20.150217 
0.683000	1.150375	20.150375 
0.684000	1.150533	20.150533 
0.685000	1.150691	20.150691 
0.686000	1.150849	20.150849 
0.687000	1.151007	20.151007 
0.688000	1.151164	20.151164 
0.689000	1.151322	20.151322 
0.690000	1.151479	20.151479 
0.691000	1.151636	20.151636 
0.692000	1.151793	20.151793 
0.693000	1.151950	20.151950 
0.694000	1.152106	20.152106 
0.695000	1.152263	20.152263 
0.696000	1.152419	20.152419 
0.697000	1.152575	20.152575 
0.698000	1.152731	20.152731 
0.699000	1.152887	20.152887 
0.700000	1.153043	20.153043 
0.701000	1.153198	20.153198 
0.702000	1.153354	20.153354 
0.703000	1.153509	20.153509 
0.704000	1.153664	20.153664 
0.705000	1.153819	20.153819 
0.706000	1.153973	20.153973 
0.707000	1.154128	20.154128 
0.708000	1.154282	20.154282 
0.709000	1.154437	20.154437 
0.710000	1.154591	20.154591 
0.711000	1.154745	20.154745 
0.712000	1.154898	20.154898 
0.713000	1.155052	20.155052 
0.714000	1.155206	20.155206 
0.715000	1.155359	20.155359 
0.716000	1.155512	20.155512 
0.717000	1.155665	20.155665 
0.718000	1.155818	20.155818 
0.719000	1.155971	20.155971 
0.720000	1.156123	20.156123 
0.721000	1.156275	20.156275 
0.722000	1.156428	20.156428 
0.723000	1.156580	20.156580 
0.724000	1.156732	20.156732 
0.725000	1.156883	20.156883 
0.726000	1.157035	20.157035 
0.727000	1.157186	20.157186 
0.728000	1.157338	20.157338 
0.729000	1.157489	20.157489 
0.730000	1.157640	20.157640 
0.731000	1.157791	20.157791 
0.732000	1.157941	20.157941 
0.733000	1.158092	20.158092 
0.734000	1.158242	20.158242 
0.735000	1.158393	20.158393 
0.736000	1.158543	20.158543 
0.737000	1.158692	20.158692 
0.738000	1.158842	20.158842 
0.739000	1.158992	20.158992 
0.740000	1.159141	20.159141 
0.741000	1.159291	20.159291 
0.742000	1.159440	20.159440 
0.743000	1.159589	20.159589 
0.744000	1.159738	20.159738 
0.745000	1.159886	20.159886 
0.746000	1.160035	20.160035 
0.747000	1.160183	20.160183 
0.748000	1.160331	20.160331 
0.749000	1.160479	20.160479 
0.750000	1.160627	20.160627 
0.751000	1.160775	20.160775 
0.752000	1.160923	20.160923 
0.753000	1.161070	20.161070 
0.754000	1.161217	20.161217 
0.755000	1.161365	20.161365 
0.756000	1.161512	20.161512 
0.757000	1.161659	20.161659 
0.758000	1.161805	20.161805 
0.759000	1.161952	20.161952 
0.760000	1.162098	20.162098 
0.761000	1.162244	20.162244 
0.762000	1.162391	20.162391 
0.763000	1.162536	20.162536 
0.764000	1.162682	20.162682 
0.765000	1.162828	20.162828 
0.766000	1.162973	20.162973 
0.767000	1.163119	20.163119 
0.768000	1.163264	20.163264 
0.769000	1.163409	20.163409 
0.770000	1.163554	20.163554 
0.771000	1.163699	20.163699 
0.772000	1.163843	20.163843 
0.773000	1.163988	20.163988 
0.774000	1.164132	20.164132 
0.775000	1.164276	20.164276 
0.776000	1.164420	20.164420 
0.777000	1.164564	20.164564 
0.778000	1.164708	20.164708 
0.779000	1.164851	20.164851 
0.780000	1.164995	20.164995 
0.781000	1.165138	20.165138 
0.782000	1.165281	20.165281 
0.783000	1.165424	20.165424 
0.784000	1.165567	20.165567 
0.785000	1.165709	20.165709 
0.786000	1.165852	20.165852 
0.787000	1.165994	20.165994 
0.788000	1.166137	20.166137 
0.789000	1.166279	20.166279 
0.790000	1.166421	20.166421 
0.791000	1.166562	20.166562 
0.792000	1.166704	20.166704 
0.793000	1.166845	20.166845 
0.794000	1.166987	20.166987 
0.795000	1.167128	20.167128 
0.796000	1.167269	20.167269 
0.797000	1.167410	20.167410 
0.798000	1.167551	20.167551 
0.799000	1.167691	20.167691 
0.800000	1.167832	20.167832 
0.801000	1.167972	20.167972 
0.802000	1.168112	20.168112 
0.803000	1.168252	20.168252 
0.804000	1.168392	20.168392 
0.805000	1.168532	20.168532 
0.806000	1.168671	20.168671 
0.807000	1.168811	20.168811 
0.808000	1.168950	20.168950 
0.809000	1.169089	20.169089 
0.810000	1.169228	20.169228 
0.811000	1.169367	20.169367 
0.812000	1.169506	20.169506 
0.813000	1.169644	20.169644 
0.814000	1.169783	20.169783 
0.815000	1.169921	20.169921 
0.816000	1.170059	20.170059 
0.817000	1.170197	20.170197 
0.818000	1.170335	20.170335 
0.819000	1.170473	20.170473 
0.820000	1.170610	20.170610 
0.821000	1.170748	20.170748 
0.822000	1.170885	20.170885 
0.823000	1.171022	20.171022 
0.824000	1.171159	20.171159 
0.825000	1.171296	20.171296 
0.826000	1.171432	20.171432 
0.827000	1.171569	20.171569 
0.828000	1.171705	20.171705 
0.829000	1.171842	20.171842 
0.830000	1.171978	20.171978 
0.831000	1.172114	20.172114 
0.832000	1.172249	20.172249 
0.833000	1.172385	20.172385 
0.834000	1.172521	20.172521 
0.835000	1.172656	20.172656 
0.836000	1.172791	20.172791 
0.837000	1.172926	20.172926 
0.838000	1.173061	20.173061 
0.839000	1.173196	20.173196 
0.840000	1.173331	20.173331 
0.841000	1.173465	20.173465 
0.842000	1.173600	20.173600 
0.843000	1.173734	20.173734 
0.844000	1.173868	20.173868 
0.845000	1.174002	20.174002 
0.846000	1.174136	20.174136 
0.847000	1.174270	20.174270 
0.848000	1.174403	20.174403 
0.849000	1.174537	20.174537 
0.850000	1.174670	20.174670 
0.851000	1.174803	20.174803 
0.852000	1.174936	20.174936 
0.853000	1.175069	20.175069 
0.854000	1.175202	20.175202 
0.855000	1.175334	20.175334 
0.856000	1.175467	20.175467 
0.857000	1.175599	20.175599 
0.858000	1.175731	20.175731 
0.859000	1.175863	20.175863 
0.860000	1.175995	20.175995 
0.861000	1.176127	20.176127 
0.862000	1.176258	20.176258 
0.863000	1.176390	20.176390 
0.864000	1.176521	20.176521 
0.865000	1.176652	20.176652 
0.866000	1.176783	20.176783 
0.867000	1.176914	20.176914 
0.868000	1.177045	20.177045 
0.869000	1.177176	20.177176 
0.870000	1.177306	20.177306 
0.871000	1.177436	20.177436 
0.872000	1.177567	20.177567 
0.873000	1.177697	20.177697 
0.874000	1.177827	20.177827 
0.875000	1.177956	20.177956 
0.876000	1.178086	20.178086 
0.877000	1.178215	20.178215 
0.878000	1.178345	20.178345 
0.879000	1.178474	20.178474 
0.880000	1.178603	20.178603 
0.881000	1.178732	20.178732 
0.882000	1.178861	20.178861 
0.883000	1.178990	20.178990 
0.884000	1.179118	20.179118 
0.885000	1.179247	20.179247 
0.886000	1.179375	20.179375 
0.887000	1.179503	20.179503 
0.888000	1.179631	20.179631 
0.889000	1.179759	20.179759 
0.890000	1.179887	20.179887 
0.891000	1.180014	20.180014 
0.892000	1.180142	20.180142 
0.893000	1.180269	20.180269 
0.894000	1.180396	20.180396 
0.895000	1.180523	20.180523 
0.896000	1.180650	20.180650 
0.897000	1.180777	20.180777 
0.898000	1.180904	20.180904 
0.899000	1.181030	20.181030 
0.900000	1.181156	20.181156 
0.901000	1.181283	20.181283 
0.902000	1.181409	20.181409 
0.903000	1.181535	20.181535 
0.904000	1.181661	20.181661 
0.905000	1.181786	20.181786 
0.906000	1.181912	20.181912 
0.907000	1.182037	20.182037 
0.908000	1.182163	20.182163 
0.909000	1.182288	20.182288 
0.910000	1.182413	20.182413 
0.911000	1.182538	20.182538 
0.912000	1.182662	20.182662 
0.913000	1.182787	20.182787 
0.914000	1.182911	20.182911 
0.915000	1.183036	20.183036 
0.916000	1.183160	20.183160 
0.917000	1.183284	20.183284 
0.918000	1.183408	20.183408 
0.919000	1.183532	20.183532 
0.920000	1.183656	20.183656 
0.921000	1.183779	20.183779 
0.922000	1.183903	20.183903 
0.923000	1.184026	20.184026 
0.924000	1.184149	20.184149 
0.925000	1.184272	20.184272 
0.926000	1.184395	20.184395 
0.927000	1.184518	20.184518 
0.928000	1.184640	20.184640 
0.929000	1.184763	20.184763 
0.930000	1.184885	20.184885 
0.931000	1.185007	20.185007 
0.932000	1.185130	20.185130 
0.933000	1.185252	20.185252 
0.934000	1.185373	20.185373 
0.935000	1.185495	20.185495 
0.936000	1.185617	20.185617 
0.937000	1.185738	20.185738 
0.938000	1.185859	20.185859 
0.939000	1.185981	20.185981 
0.940000	1.186102	20.186102 
0.941000	1.186223	20.186223 
0.942000	1.186343	20.186343 
0.943000	1.186464	20.186464 
0.944000	1.186585	20.186585 
0.945000	1.186705	20.186705 
0.946000	1.186825	20.186825 
0.947000	1.186945	20.186945 
0.948000	1.187065	20.187065 
0.949000	1.187185	20.187185 
0.950000	1.187305	20.187305 
0.951000	1.187425	20.187425 
0.952000	1.187544	20.187544 
0.953000	1.187663	20.187663 
0.954000	1.187783	20.187783 
0.955000	1.187902	20.187902 
0.956000	1.188021	20.188021 
0.957000	1.188140	20.188140 
0.958000	1.188258	20.188258 
0.959000	1.188377	20.188377 
0.960000	1.188495	20.188495 
0.961000	1.188614	20.188614 
0.962000	1.188732	20.188732 
0.963000	1.188850	20.188850 
0.964000	1.188968	20.188968 
0.965000	1.189086	20.189086 
0.966000	1.189204	20.189204 
0.967000	1.189321	20.189321 
0.968000	1.189439	20.189439 
0.969000	1.189556	20.189556 
0.970000	1.189673	20.189673 
0.971000	1.189790	20.189790 
0.972000	1.189907	20.189907 
0.973000	1.190024	20.190024 
0.974000	1.190141	20.190141 
0.975000	1.190257	20.190257 
0.976000	1.190373	20.190373 
0.977000	1.190490	20.190490 
0.978000	1.190606	20.190606 
0.979000	1.190722	20.190722 
0.980000	1.190838	20.190838 
0.981000	1.190954	20.190954 
0.982000	1.191069	20.191069 
0.983000	1.191185	20.191185 
0.984000	1.191300	20.191300 
0.985000	1.191416	20.191416 
0.986000	1.191531	20.191531 
0.987000	1.191646	20.191646 
0.988000	1.191761	20.191761 
0.989000	1.191875	20.191875 
0.990000	1.191990	20.191990 
0.991000	1.192105	20.192105 
0.992000	1.192219	20.192219 
0.993000	1.192333	20.192333 
0.994000	1.192448	20.192448 
0.995000	1.192562	20.192562 
0.996000	1.192675	20.192675 
0.997000	1.192789	20.192789 
0.998000	1.192903	20.192903 
0.999000	1.193016	20.193016 
